#TEXT/SIMPLE
# KEV PHOTONS/S/CM**2/KEV
3.1000000238419e-01 0.001068016
3.1999999284744e-01 0.0009050675
3.3000001311302e-01 0.0008721204
3.4000000357628e-01 0.0008597968
3.4999999403954e-01 0.0007894434
3.6000001430511e-01 0.0007402234
3.7000000476837e-01 0.001313385
3.7999999523163e-01 0.0007089329
3.8999998569489e-01 0.0007381662
4.0000000596046e-01 0.0006358674
4.0999999642372e-01 0.0006420995
4.1999998688698e-01 0.0005908184
4.3000000715256e-01 0.0005597749
4.3999999761581e-01 0.0006305086
4.4999998807907e-01 0.0005210571
4.6000000834465e-01 0.0005520024
4.6999999880791e-01 0.0004693670
4.7999998927116e-01 0.0004766329
4.9000000953674e-01 0.0004803429
5.0000000000000e-01 0.0004920149
5.0999999046326e-01 0.0007277210
5.1999998092651e-01 0.0004236279
5.2999997138977e-01 0.0004420074
5.4000002145767e-01 0.0003834901
5.5000001192093e-01 0.0003989965
5.6000000238419e-01 0.0003878347
5.6999999284744e-01 0.0004496569
5.7999998331070e-01 0.0005491099
5.8999997377396e-01 0.0003666926
6.0000002384186e-01 0.0003571225
6.1000001430511e-01 0.0003061946
6.2000000476837e-01 0.0003162975
6.2999999523163e-01 0.0003311785
6.3999998569489e-01 0.0003228445
6.4999997615814e-01 0.0002646018
6.6000002622604e-01 0.003763682
6.7000001668930e-01 0.0003256001
6.8000000715256e-01 0.0002316950
6.8999999761581e-01 0.0002276137
6.9999998807907e-01 0.0002333808
7.0999997854233e-01 0.0003371832
7.2000002861023e-01 0.0002136905
7.3000001907349e-01 0.001260583
7.4000000953674e-01 0.0006222313
7.5000000000000e-01 0.0002005392
7.5999999046326e-01 0.0002258514
7.6999998092651e-01 0.0003374991
7.7999997138977e-01 0.001075678
7.9000002145767e-01 0.0003098876
8.0000001192093e-01 0.0002945330
8.1000000238419e-01 0.0002670096
8.1999999284744e-01 0.0006277295
8.2999998331070e-01 0.0009561594
8.3999997377396e-01 0.0002937511
8.5000002384186e-01 0.0003197009
8.6000001430511e-01 0.0004000703
8.7000000476837e-01 0.0004357392
8.7999999523163e-01 0.0005689706
8.8999998569489e-01 0.0004640260
8.9999997615814e-01 0.0004266066
9.1000002622604e-01 0.0004650060
9.2000001668930e-01 0.0004375019
9.3000000715256e-01 0.0007033047
9.3999999761581e-01 0.0002397647
9.4999998807907e-01 0.0001966128
9.5999997854233e-01 0.0002086102
9.7000002861023e-01 0.0002466190
9.8000001907349e-01 0.0002130951
9.9000000953674e-01 0.0001465702
1.0 0.0003869998
1.009999990463 0.0001893107
1.019999980927 0.0002604503
1.029999971390 0.001947682
1.039999961853 0.0001429955
1.049999952316 0.0001789422
1.059999942780 0.0001963400
1.070000052452 0.0001126019
1.080000042915 0.0002442908
1.090000033379 0.0001690202
1.100000023842 0.0001588974
1.110000014305 0.0002132347
1.120000004768 0.0001210837
1.129999995232 0.0002019875
1.139999985695 0.00009015359
1.149999976158 0.0001098357
1.159999966621 0.0001356525
1.169999957085 0.0001704860
1.179999947548 0.0001084368
1.190000057220 0.0001063397
1.200000047684 0.00008515607
1.210000038147 0.00009618246
1.220000028610 0.0002875722
1.230000019073 0.00009709897
1.240000009537 0.0001003196
1.250000000000 0.0001081599
1.259999990463 0.00007001482
1.269999980927 0.00006470621
1.279999971390 0.0001502915
1.289999961853 0.00006240980
1.299999952316 0.00006696754
1.309999942780 0.0001021490
1.320000052452 0.00006252858
1.330000042915 0.00009510679
1.340000033379 0.0001112785
1.350000023842 0.00008516049
1.360000014305 0.0001309666
1.370000004768 0.00006562085
1.379999995232 0.00005559341
1.389999985695 0.00005688043
1.399999976158 0.00005547584
1.409999966621 0.00006049947
1.419999957085 0.00005418003
1.429999947548 0.00005434050
1.440000057220 0.00005219705
1.450000047684 0.00005096851
1.460000038147 0.00004890056
1.470000028610 0.00005039924
1.480000019073 0.0001227199
1.490000009537 0.00004579962
1.500000000000 0.00005638703
1.509999990463 0.00004512395
1.519999980927 0.00004146471
1.529999971390 0.00004085018
1.539999961853 0.00004147135
1.549999952316 0.00004074529
1.559999942780 0.00004493310
1.570000052452 0.00004022605
1.580000042915 0.00006263236
1.590000033379 0.00004408797
1.600000023842 0.00006789854
1.610000014305 0.00003582547
1.620000004768 0.00003629635
1.629999995232 0.00003352366
1.639999985695 0.00003367549
1.649999976158 0.00003233759
1.659999966621 0.00003884532
1.669999957085 0.00003385655
1.679999947548 0.00003081703
1.690000057220 0.00003130959
1.700000047684 0.00003126165
1.710000038147 0.00003062865
1.720000028610 0.00002968563
1.730000019073 0.00005400409
1.740000009537 0.00002866557
1.750000000000 0.00003911956
1.759999990463 0.00002948934
1.769999980927 0.00002729334
1.779999971390 0.00002636561
1.789999961853 0.00002557280
1.799999952316 0.00002542686
1.809999942780 0.00002514751
1.820000052452 0.00002486862
1.830000042915 0.00002658896
1.840000033379 0.00005531798
1.850000023842 0.00002765050
1.860000014305 0.00003621132
1.870000004768 0.00008813522
1.879999995232 0.00002205897
1.889999985695 0.00002379346
1.899999976158 0.00002144866
1.909999966621 0.00002207362
1.919999957085 0.00002069518
1.929999947548 0.00002082050
1.940000057220 0.00002044195
1.950000047684 0.00002046053
1.960000038147 0.00001980438
1.970000028610 0.00002027979
1.980000019073 0.00001979815
1.990000009537 0.00001898810
2.0 0.00001900759
2.009999990463 0.00006138300
2.019999980927 0.00001791589
2.029999971390 0.00001786753
2.039999961853 0.00001760958
2.049999952316 0.00002032865
2.059999942780 0.00001716041
2.069999933243 0.00001690460
2.079999923706 0.00001637909
2.089999914169 0.00001620263
2.099999904633 0.00001596415
2.109999895096 0.00001573095
2.119999885559 0.00001563882
2.130000114441 0.00001616141
2.140000104904 0.00001639308
2.150000095367 0.00001524509
2.160000085831 0.00001645284
2.170000076294 0.00001523010
2.180000066757 0.00001415906
2.190000057220 0.00002044115
2.200000047684 0.00001374332
2.210000038147 0.00001361990
2.220000028610 0.00001374605
2.230000019073 0.00001344883
2.240000009537 0.00001310131
2.250000000000 0.00001294333
2.259999990463 0.00001269508
2.269999980927 0.00001241153
2.279999971390 0.00001244278
2.289999961853 0.00001209373
2.299999952316 0.00001400509
2.309999942780 0.00001313887
2.319999933243 0.00001161248
2.329999923706 0.00001152307
2.339999914169 0.00001134752
2.349999904633 0.00001213752
2.359999895096 0.00001100469
2.369999885559 0.00001085916
2.380000114441 0.00001691418
2.390000104904 0.00001059513
2.400000095367 0.00001077017
2.410000085831 0.00001051546
2.420000076294 0.00001038231
2.430000066757 0.00001168749
2.440000057220 0.00002209035
2.450000047684 0.00001646753
2.460000038147 0.00001506209
2.470000028610 0.00003273919
2.480000019073 9.43780560e-06
2.490000009537 9.31639534e-06
2.500000000000 9.20246202e-06
2.509999990463 0.00001065487
2.519999980927 8.93407559e-06
2.529999971390 9.04422268e-06
2.539999961853 8.68625284e-06
2.549999952316 8.56331644e-06
2.559999942780 8.44449823e-06
2.569999933243 9.11286952e-06
2.579999923706 8.20673904e-06
2.589999914169 8.09172707e-06
2.599999904633 9.10982453e-06
2.609999895096 8.06865501e-06
2.619999885559 0.00001387288
2.630000114441 0.00001899248
2.640000104904 7.74617911e-06
2.650000095367 7.65093137e-06
2.660000085831 7.49380069e-06
2.670000076294 7.33433126e-06
2.680000066757 7.29082149e-06
2.690000057220 7.20449316e-06
2.700000047684 7.11892881e-06
2.710000038147 7.03541355e-06
2.720000028610 6.97370660e-06
2.730000019073 6.93268748e-06
2.740000009537 6.91410469e-06
2.750000000000 6.86520207e-06
2.759999990463 7.31080536e-06
2.769999980927 6.64153822e-06
2.779999971390 6.87063994e-06
2.789999961853 6.38721895e-06
2.799999952316 7.94836888e-06
2.809999942780 6.25130997e-06
2.819999933243 6.16211582e-06
2.829999923706 6.67633003e-06
2.839999914169 6.06537424e-06
2.849999904633 5.93816912e-06
2.859999895096 5.85425960e-06
2.869999885559 5.78199797e-06
2.880000114441 5.74697469e-06
2.890000104904 8.70330950e-06
2.900000095367 5.56625946e-06
2.910000085831 5.49455899e-06
2.920000076294 5.42290127e-06
2.930000066757 5.35131403e-06
2.940000057220 5.27974271e-06
2.950000047684 5.21392940e-06
2.960000038147 5.65078426e-06
2.970000028610 5.63871481e-06
2.980000019073 5.04549325e-06
2.990000009537 5.04832587e-06
3.0 4.93795324e-06
3.009999990463 4.88423711e-06
3.019999980927 4.90767707e-06
3.029999971390 4.79624805e-06
3.039999961853 5.76201410e-06
3.049999952316 4.75634261e-06
3.059999942780 4.65600397e-06
3.069999933243 4.58774730e-06
3.079999923706 4.51722281e-06
3.089999914169 4.46688682e-06
3.099999904633 4.41715838e-06
3.109999895096 0.00001346825
3.119999885559 4.72934926e-06
3.130000114441 8.10309484e-06
3.140000104904 0.00001763443
3.150000095367 4.49040863e-06
3.160000085831 4.12922373e-06
3.170000076294 4.24835207e-06
3.180000066757 4.13812404e-06
3.190000057220 4.04860430e-06
3.200000047684 3.99323471e-06
3.210000038147 3.91978574e-06
3.220000028610 3.85386284e-06
3.230000019073 3.82142980e-06
3.240000009537 3.77728315e-06
3.250000000000 3.73235775e-06
3.259999990463 3.68792007e-06
3.269999980927 3.64397533e-06
3.279999971390 4.42205919e-06
3.289999961853 3.77500533e-06
3.299999952316 3.61664138e-06
3.309999942780 3.56157943e-06
3.319999933243 4.69563383e-06
3.329999923706 6.30909108e-06
3.339999914169 3.36048743e-06
3.349999904633 3.32771720e-06
3.359999895096 3.60118634e-06
3.369999885559 3.26362920e-06
3.380000114441 3.23213658e-06
3.390000104904 3.20070171e-06
3.400000095367 3.31603110e-06
3.410000085831 3.13794044e-06
3.420000076294 3.10656151e-06
3.430000066757 3.16540832e-06
3.440000057220 3.04380251e-06
3.450000047684 3.14190356e-06
3.460000038147 3.01664500e-06
3.470000028610 2.97286988e-06
3.480000019073 3.14978115e-06
3.490000009537 2.90162120e-06
3.500000000000 2.94174470e-06
3.509999990463 3.00081638e-06
3.519999980927 3.27322095e-06
3.529999971390 2.80996073e-06
3.539999961853 2.75205821e-06
3.549999952316 2.72338070e-06
3.559999942780 2.69473321e-06
3.569999933243 2.82394421e-06
3.579999923706 2.63787547e-06
3.589999914169 2.60989282e-06
3.599999904633 2.58191039e-06
3.609999895096 2.55395958e-06
3.619999885559 2.97907491e-06
3.630000114441 2.49832419e-06
3.640000104904 2.47060166e-06
3.650000095367 2.44486478e-06
3.660000085831 2.41523367e-06
3.670000076294 2.38839903e-06
3.680000066757 2.36108963e-06
3.690000057220 3.80423739e-06
3.700000047684 2.30733940e-06
3.710000038147 2.35860307e-06
3.720000028610 2.26134557e-06
3.730000019073 2.23909797e-06
3.740000009537 2.21796472e-06
3.750000000000 2.19791468e-06
3.759999990463 2.17786669e-06
3.769999980927 2.15796240e-06
3.779999971390 2.13818635e-06
3.789999961853 2.17026127e-06
3.799999952316 2.10142844e-06
3.809999942780 2.07991729e-06
3.819999933243 2.06065079e-06
3.829999923706 2.04139633e-06
3.839999914169 2.02214301e-06
3.849999904633 2.00841487e-06
3.859999895096 1.98409157e-06
3.869999885559 5.89376987e-06
3.880000114441 2.58696355e-06
3.890000104904 4.66217944e-06
3.900000095367 2.91090714e-06
3.910000085831 8.39255335e-06
3.920000076294 1.86988541e-06
3.930000066757 1.85115550e-06
3.940000057220 2.25022700e-06
3.950000047684 1.81429925e-06
3.960000038147 1.79581355e-06
3.970000028610 1.98603311e-06
3.980000019073 1.76019898e-06
3.990000009537 1.74241677e-06
4.0 1.72470538e-06
4.010000228882 1.70732676e-06
4.019999980927 1.88790614e-06
4.030000209808 1.67284225e-06
4.039999961853 1.65563222e-06
4.050000190735 1.71753925e-06
4.059999942780 1.62124911e-06
4.070000171661 1.72916282e-06
4.079999923706 1.61277558e-06
4.090000152588 1.64285211e-06
4.099999904633 1.59451304e-06
4.110000133514 2.07916560e-06
4.119999885559 1.52203359e-06
4.130000114441 1.56742669e-06
4.139999866486 1.49903281e-06
4.150000095367 1.52226528e-06
4.159999847412 1.55207840e-06
4.170000076294 1.46026366e-06
4.179999828339 1.45505146e-06
4.190000057220 1.43538819e-06
4.199999809265 1.42309136e-06
4.210000038147 1.41085570e-06
4.219999790192 1.39862743e-06
4.230000019073 1.38651421e-06
4.239999771118 1.37458710e-06
4.250000000000 1.41338205e-06
4.260000228882 1.35081496e-06
4.269999980927 1.33894275e-06
4.280000209808 1.32709226e-06
4.289999961853 1.31524416e-06
4.300000190735 1.30340038e-06
4.309999942780 1.39786289e-06
4.320000171661 1.27976330e-06
4.329999923706 1.26794930e-06
4.340000152588 1.25627332e-06
4.349999904633 1.24446683e-06
4.360000133514 1.23275811e-06
4.369999885559 1.22100130e-06
4.380000114441 1.20927234e-06
4.389999866486 1.20060520e-06
4.400000095367 1.18594369e-06
4.409999847412 1.17431148e-06
4.420000076294 1.16467334e-06
4.429999828339 1.15346631e-06
4.440000057220 1.14232762e-06
4.449999809265 1.13124463e-06
4.460000038147 1.12023395e-06
4.469999790192 1.10922917e-06
4.480000019073 1.09830705e-06
4.489999771118 1.18351613e-06
4.500000000000 1.07646690e-06
4.510000228882 1.40548980e-06
4.519999980927 1.06256527e-06
4.530000209808 1.07097446e-06
4.539999961853 1.06120581e-06
4.550000190735 1.02471893e-06
4.559999942780 1.01582305e-06
4.570000171661 1.00695115e-06
4.579999923706 9.98086080e-07
4.590000152588 1.80686243e-06
4.599999904633 9.81608878e-07
4.610000133514 9.73564283e-07
4.619999885559 9.65768550e-07
4.630000114441 9.57909606e-07
4.639999866486 9.50062031e-07
4.650000095367 9.42228269e-07
4.659999847412 9.34443165e-07
4.670000076294 9.26740938e-07
4.679999828339 9.19120112e-07
4.690000057220 9.11501218e-07
4.699999809265 9.03914213e-07
4.710000038147 9.42492875e-07
4.719999790192 8.88814270e-07
4.730000019073 1.03489083e-06
4.739999771118 9.22640140e-07
4.750000000000 8.66241976e-07
4.760000228882 9.76421688e-07
4.769999980927 8.51217578e-07
4.780000209808 8.47790943e-07
4.789999961853 8.36247750e-07
4.800000190735 8.28983389e-07
4.809999942780 8.21313961e-07
4.820000171661 8.13848203e-07
4.829999923706 1.20327491e-06
4.840000152588 8.00175826e-07
4.849999904633 7.92745027e-07
4.860000133514 7.84086922e-07
4.869999885559 8.43022576e-07
4.880000114441 7.70814722e-07
4.889999866486 7.61894682e-07
4.900000095367 7.54785901e-07
4.909999847412 7.47737658e-07
4.920000076294 7.40690950e-07
4.929999828339 7.33644583e-07
4.940000057220 8.19974616e-07
4.949999809265 7.19561569e-07
4.960000038147 7.12565054e-07
4.969999790192 7.05578259e-07
4.980000019073 6.98824635e-07
4.989999771118 6.93109712e-07
5.0 7.38195467e-07
5.010000228882 6.81695781e-07
5.019999980927 6.76015020e-07
5.030000209808 6.70348243e-07
5.039999961853 6.95202687e-07
5.050000190735 6.60659452e-07
5.059999942780 6.60408602e-07
5.070000171661 6.49524907e-07
5.079999923706 6.44389388e-07
5.090000152588 7.35962374e-07
5.099999904633 6.34084586e-07
5.110000133514 6.28944292e-07
5.119999885559 6.23927008e-07
5.130000114441 6.19057857e-07
5.139999866486 6.16354725e-07
5.150000095367 6.11414578e-07
5.159999847412 6.06485230e-07
5.170000076294 6.01570150e-07
5.179999828339 5.96687073e-07
5.190000057220 5.91818491e-07
5.199999809265 5.87277782e-07
5.210000038147 5.82128450e-07
5.219999790192 5.77288461e-07
5.230000019073 5.72448585e-07
5.239999771118 5.67611664e-07
5.250000000000 5.62791001e-07
5.260000228882 5.57970282e-07
5.269999980927 5.53149903e-07
5.280000209808 5.48329467e-07
5.289999961853 5.43511192e-07
5.300000190735 5.38693428e-07
5.309999942780 5.33875550e-07
5.320000171661 5.29058127e-07
5.329999923706 5.24273162e-07
5.340000152588 5.19489504e-07
5.349999904633 5.14706073e-07
5.360000133514 5.09942254e-07
5.369999885559 5.05186279e-07
5.380000114441 5.00501130e-07
5.389999866486 4.95932738e-07
5.400000095367 4.91364915e-07
5.409999847412 4.95989582e-07
5.420000076294 4.82231030e-07
5.429999828339 4.77664628e-07
5.440000057220 4.73597282e-07
5.449999809265 4.70093937e-07
5.460000038147 4.66354891e-07
5.469999790192 6.08946664e-07
5.480000019073 4.58941798e-07
5.489999771118 4.55244219e-07
5.500000000000 4.51660952e-07
5.510000228882 4.48300909e-07
5.519999980927 4.45103723e-07
5.530000209808 4.42033922e-07
5.539999961853 4.38222457e-07
5.550000190735 4.34864319e-07
5.559999942780 4.31507857e-07
5.570000171661 4.28151878e-07
5.579999923706 4.24810025e-07
5.590000152588 4.21522799e-07
5.599999904633 4.18173869e-07
5.610000133514 4.14852593e-07
5.619999885559 4.11586569e-07
5.630000114441 4.08362524e-07
5.639999866486 5.03571073e-07
5.650000095367 4.01924979e-07
5.659999847412 3.98728275e-07
5.670000076294 4.48696568e-07
5.679999828339 4.48076776e-07
5.690000057220 3.89186738e-07
5.699999809265 6.00934811e-07
5.710000038147 3.82860350e-07
5.719999790192 3.79703607e-07
5.730000019073 3.76547149e-07
5.739999771118 3.73404987e-07
5.750000000000 3.70267259e-07
5.760000228882 3.67130724e-07
5.769999980927 3.63994815e-07
5.780000209808 3.60859303e-07
5.789999961853 3.57723820e-07
5.800000190735 3.54595926e-07
5.809999942780 3.51462177e-07
5.820000171661 3.48351506e-07
5.829999923706 3.45247543e-07
5.840000152588 3.42143750e-07
5.849999904633 3.39040156e-07
5.860000133514 3.35939944e-07
5.869999885559 3.32845474e-07
5.880000114441 3.29792442e-07
5.889999866486 3.26808873e-07
5.900000095367 3.26254650e-07
5.909999847412 3.21205931e-07
5.920000076294 3.18776671e-07
5.929999828339 3.16352526e-07
5.940000057220 3.24849992e-07
5.949999809265 3.11509268e-07
5.960000038147 3.09091320e-07
5.969999790192 3.06673684e-07
5.980000019073 3.04409355e-07
5.989999771118 3.02208207e-07
6.0 3.00007230e-07
6.010000228882 2.97806281e-07
6.019999980927 2.98726974e-07
6.030000209808 2.93414047e-07
6.039999961853 2.91218754e-07
6.050000190735 2.89023689e-07
6.059999942780 2.86839168e-07
6.070000171661 2.84657744e-07
6.079999923706 2.82477146e-07
6.090000152588 2.80296831e-07
6.099999904633 2.78117966e-07
6.110000133514 2.75944757e-07
6.119999885559 2.73778738e-07
6.130000114441 2.71620110e-07
6.139999866486 2.95638841e-07
6.150000095367 2.67403379e-07
6.159999847412 2.65358580e-07
6.170000076294 2.63206772e-07
6.179999828339 2.61171607e-07
6.190000057220 2.59033584e-07
6.199999809265 3.22873575e-07
6.210000038147 2.54882991e-07
6.219999790192 2.53197669e-07
6.230000019073 2.50746609e-07
6.239999771118 2.48678873e-07
6.250000000000 2.46611137e-07
6.260000228882 2.44543372e-07
6.269999980927 2.42475778e-07
6.280000209808 2.40408383e-07
6.289999961853 2.38343461e-07
6.300000190735 2.36281892e-07
6.309999942780 2.34224501e-07
6.320000171661 2.32176987e-07
6.329999923706 2.30129956e-07
6.340000152588 2.28083152e-07
6.349999904633 2.26039660e-07
6.360000133514 2.23997290e-07
6.369999885559 2.22230724e-07
6.380000114441 2.19912621e-07
6.389999866486 2.18084011e-07
6.400000095367 2.16485532e-07
6.409999847412 2.14888018e-07
6.420000076294 2.13294229e-07
6.429999828339 2.11701177e-07
6.440000057220 2.10295823e-07
6.449999809265 2.10299888e-07
6.460000038147 2.06979763e-07
6.469999790192 2.05459727e-07
6.480000019073 2.07673594e-07
6.489999771118 2.02668161e-07
6.500000000000 2.04938814e-07
6.510000228882 2.13921069e-07
6.519999980927 1.99008923e-07
6.530000209808 1.96781812e-07
6.539999961853 2.26096645e-07
6.550000190735 2.48063742e-07
6.559999942780 2.13889550e-07
6.570000171661 2.37846578e-07
6.579999923706 2.77393269e-07
6.590000152588 2.66121333e-07
6.599999904633 2.09880525e-07
6.610000133514 2.51237509e-07
6.619999885559 5.02705973e-07
6.630000114441 5.29758040e-07
6.639999866486 7.15835881e-07
6.650000095367 7.51062544e-07
6.659999847412 8.74468697e-07
6.670000076294 7.11326720e-07
6.679999828339 8.02260274e-07
6.690000057220 5.47327716e-07
6.699999809265 8.10889787e-07
6.710000038147 1.10723863e-06
6.719999790192 1.77000217e-07
6.730000019073 1.70530043e-07
6.739999771118 1.67034059e-07
6.750000000000 1.65679424e-07
6.760000228882 1.64330643e-07
6.769999980927 1.62975283e-07
6.780000209808 1.61624243e-07
6.789999961853 1.60273359e-07
6.800000190735 1.58922589e-07
6.809999942780 1.57571833e-07
6.820000171661 1.56221674e-07
6.829999923706 1.54880013e-07
6.840000152588 1.53539659e-07
6.849999904633 1.52199789e-07
6.860000133514 1.50859975e-07
6.869999885559 1.49520446e-07
6.880000114441 1.48268938e-07
6.889999866486 1.47171292e-07
6.900000095367 1.46074555e-07
6.909999847412 1.44979467e-07
6.920000076294 1.43957848e-07
6.929999828339 1.42913166e-07
6.940000057220 1.42778191e-07
6.949999809265 1.41237066e-07
6.960000038147 1.40539669e-07
6.969999790192 1.38837848e-07
6.980000019073 1.38212954e-07
6.989999771118 1.36895594e-07
7.0 1.35944234e-07
7.010000228882 1.34994110e-07
7.019999980927 1.34044015e-07
7.030000209808 1.34122658e-07
7.039999961853 1.32143867e-07
7.050000190735 1.31193801e-07
7.059999942780 1.30243748e-07
7.070000171661 1.29293809e-07
7.079999923706 1.28344169e-07
7.090000152588 1.27395623e-07
7.099999904633 1.26447063e-07
7.110000133514 1.25498502e-07
7.119999885559 1.24549942e-07
7.130000114441 1.23601424e-07
7.139999866486 1.22653333e-07
7.150000095367 1.21705540e-07
7.159999847412 1.20758997e-07
7.170000076294 1.19814658e-07
7.179999828339 1.18870318e-07
7.190000057220 1.22841712e-07
7.199999809265 1.17007950e-07
7.210000038147 1.16092068e-07
7.219999790192 1.15177450e-07
7.230000019073 1.14263756e-07
7.239999771118 1.17150726e-07
7.250000000000 1.12446607e-07
7.260000228882 1.55779873e-07
7.269999980927 1.10631397e-07
7.280000209808 1.09729676e-07
7.289999961853 1.08832957e-07
7.300000190735 1.07938810e-07
7.309999942780 1.07045132e-07
7.320000171661 1.06151546e-07
7.329999923706 1.05258451e-07
7.340000152588 1.04365839e-07
7.349999904633 1.03478172e-07
7.360000133514 1.02591393e-07
7.369999885559 1.01704813e-07
7.380000114441 1.00851295e-07
7.389999866486 1.00124993e-07
7.400000095367 9.93988536e-08
7.409999847412 9.87103093e-08
7.420000076294 9.79477974e-08
7.429999828339 9.72223191e-08
7.440000057220 9.64968976e-08
7.449999809265 9.57970840e-08
7.460000038147 9.51038430e-08
7.469999790192 9.44283869e-08
7.480000019073 9.37984126e-08
7.489999771118 9.31692412e-08
7.500000000000 9.25399917e-08
7.510000228882 9.19107705e-08
7.519999980927 9.12815992e-08
7.530000209808 9.06524562e-08
7.539999961853 9.00233204e-08
7.550000190735 8.93942271e-08
7.559999942780 8.87651339e-08
7.570000171661 8.81360762e-08
7.579999923706 8.75074306e-08
7.590000152588 8.68791901e-08
7.599999904633 8.62504947e-08
7.610000133514 8.56220268e-08
7.619999885559 8.49936370e-08
7.630000114441 8.43654107e-08
7.639999866486 8.37372056e-08
7.650000095367 8.31091072e-08
7.659999847412 8.24813995e-08
7.670000076294 8.18537345e-08
7.679999828339 8.12260623e-08
7.690000057220 8.05984115e-08
7.699999809265 7.99707678e-08
7.710000038147 7.93431312e-08
7.719999790192 7.87790881e-08
7.730000019073 7.81842360e-08
7.739999771118 8.07477534e-08
7.750000000000 2.85296551e-07
7.760000228882 1.20994244e-07
7.769999980927 9.57802726e-08
7.780000209808 9.98222163e-08
7.789999961853 1.76749396e-07
7.800000190735 1.30208235e-07
7.809999942780 1.97460366e-07
7.820000171661 8.06059006e-08
7.829999923706 7.84959155e-08
7.840000152588 8.14271672e-08
7.849999904633 7.08369043e-08
7.860000133514 7.02439138e-08
7.869999885559 6.96908415e-08
7.880000114441 6.93642264e-08
7.889999866486 1.59545010e-07
7.900000095367 6.80124188e-08
7.909999847412 6.75311682e-08
7.920000076294 6.70499531e-08
7.929999828339 6.65687452e-08
7.940000057220 6.60875301e-08
7.949999809265 6.56064003e-08
7.960000038147 6.51302656e-08
7.969999790192 6.46443965e-08
7.980000019073 6.41636149e-08
7.989999771118 6.37282156e-08
8.0 6.33251247e-08
8.010000228882 6.28925960e-08
8.020000457764 6.24748324e-08
8.029999732971 6.20571186e-08
8.039999961853 6.16403710e-08
8.050000190735 6.12216553e-08
8.060000419617 6.14331697e-08
8.069999694824 6.03888921e-08
8.079999923706 6.00021295e-08
8.090000152588 5.95530310e-08
8.100000381470 5.91580616e-08
8.109999656677 5.87272453e-08
8.119999885559 5.91545444e-08
8.130000114441 5.78841828e-08
8.140000343323 5.74672931e-08
8.149999618530 5.70504533e-08
8.159999847412 5.66338230e-08
8.170000076294 1.05188334e-07
8.180000305176 5.58005233e-08
8.189999580383 6.88416577e-08
8.199999809265 5.49673231e-08
8.210000038147 5.45507426e-08
8.220000267029 7.64234684e-08
8.229999542236 5.37179048e-08
8.239999771118 5.33146931e-08
8.250000000000 5.28851345e-08
8.260000228882 5.24687387e-08
8.270000457764 5.20534122e-08
8.279999732971 5.16383061e-08
8.289999961853 5.12269587e-08
8.300000190735 7.17887687e-08
8.310000419617 5.42766898e-08
8.319999694824 5.03258271e-08
8.329999923706 4.96071664e-08
8.340000152588 4.93696071e-08
8.350000381470 6.05984312e-08
8.359999656677 4.83985296e-08
8.369999885559 5.95476592e-08
8.380000114441 4.75974637e-08
8.390000343323 4.71986361e-08
8.399999618530 5.16506091e-08
8.409999847412 4.64326462e-08
8.420000076294 4.61145184e-08
8.430000305176 4.57962024e-08
8.439999580383 4.54782629e-08
8.449999809265 4.51603306e-08
8.460000038147 4.48424906e-08
8.470000267029 4.45246719e-08
8.479999542236 4.42068746e-08
8.489999771118 5.25228501e-08
8.500000000000 4.35790213e-08
8.510000228882 4.32626237e-08
8.520000457764 4.29733582e-08
8.529999732971 4.26855387e-08
8.539999961853 4.24105338e-08
8.550000190735 4.21366053e-08
8.560000419617 4.18605630e-08
8.569999694824 4.15855972e-08
8.579999923706 4.13581809e-08
8.590000152588 4.10358574e-08
8.600000381470 4.07610301e-08
8.609999656677 4.47114559e-08
8.619999885559 4.02115177e-08
8.630000114441 3.99367472e-08
8.640000343323 3.96619910e-08
8.649999618530 3.93872490e-08
8.659999847412 3.91125816e-08
8.670000076294 4.96815993e-08
8.680000305176 3.85632681e-08
8.689999580383 3.82887713e-08
8.699999809265 3.80143668e-08
8.710000038147 3.77489826e-08
8.720000267029 3.74656430e-08
8.729999542236 3.71912954e-08
8.739999771118 4.46233095e-08
8.750000000000 3.66427670e-08
8.760000228882 4.19029327e-08
8.770000457764 3.60942352e-08
8.779999732971 3.58201078e-08
8.789999961853 3.55457388e-08
8.800000190735 3.52714764e-08
8.810000419617 3.49972957e-08
8.819999694824 3.47238895e-08
8.829999923706 3.44505438e-08
8.840000152588 3.43277122e-08
8.850000381470 3.40587434e-08
8.859999656677 3.37924462e-08
8.869999885559 3.35261525e-08
8.880000114441 3.32598482e-08
8.890000343323 3.29935403e-08
8.899999618530 3.27272573e-08
8.909999847412 3.24610134e-08
8.920000076294 3.21950751e-08
8.930000305176 3.19303410e-08
8.939999580383 3.16663318e-08
8.949999809265 3.14249995e-08
8.960000038147 3.12091757e-08
8.970000267029 3.10952188e-08
8.979999542236 3.07818446e-08
8.989999771118 3.05699395e-08
9.0 3.05096712e-08
9.010000228882 3.01462215e-08
9.020000457764 3.02247258e-08
9.029999732971 2.97640081e-08
9.039999961853 2.95107014e-08
9.050000190735 2.94873228e-08
9.060000419617 2.91043332e-08
9.069999694824 3.45031168e-08
9.079999923706 3.23872911e-08
9.090000152588 3.15372688e-08
9.100000381470 2.83459993e-08
9.109999656677 2.85678539e-08
9.119999885559 2.79778849e-08
9.130000114441 2.77938277e-08
9.140000343323 2.76098184e-08
9.149999618530 2.74258181e-08
9.159999847412 2.72418319e-08
9.170000076294 2.70578671e-08
9.180000305176 2.68739022e-08
9.189999580383 4.24330651e-08
9.199999809265 2.65061146e-08
9.210000038147 2.63222422e-08
9.220000267029 2.61383732e-08
9.229999542236 2.59545079e-08
9.239999771118 2.57706478e-08
9.250000000000 2.55867825e-08
9.260000228882 2.54029153e-08
9.270000457764 2.52190553e-08
9.279999732971 2.50351988e-08
9.289999961853 2.48513441e-08
9.300000190735 2.46674841e-08
9.310000419617 2.44836187e-08
9.319999694824 2.42998528e-08
9.329999923706 2.41161509e-08
9.340000152588 2.39324631e-08
9.350000381470 2.37487896e-08
9.359999656677 2.35651232e-08
9.369999885559 2.33818351e-08
9.380000114441 2.31987745e-08
9.390000343323 2.30157156e-08
9.399999618530 2.28333228e-08
9.409999847412 2.26505286e-08
9.420000076294 2.24720935e-08
9.430000305176 2.22948149e-08
9.439999580383 2.21175558e-08
9.449999809265 2.19403127e-08
9.460000038147 2.17630589e-08
9.470000267029 2.16145466e-08
9.479999542236 2.14155929e-08
9.489999771118 2.12599076e-08
9.500000000000 2.11135749e-08
9.510000228882 2.09675957e-08
9.520000457764 2.08236735e-08
9.529999732971 2.29730936e-08
9.539999961853 2.05373514e-08
9.550000190735 2.05818615e-08
9.560000419617 2.02533954e-08
9.569999694824 2.01123616e-08
9.579999923706 1.99713313e-08
9.590000152588 1.98303187e-08
9.600000381470 1.97013037e-08
9.609999656677 1.95724308e-08
9.619999885559 1.94435597e-08
9.630000114441 1.93146885e-08
9.640000343323 1.91858192e-08
9.649999618530 1.90609182e-08
9.659999847412 1.89383371e-08
9.670000076294 2.53925254e-08
9.680000305176 1.86931945e-08
9.689999580383 1.85706597e-08
9.699999809265 1.84481355e-08
9.710000038147 1.83256041e-08
9.720000267029 1.82030746e-08
9.729999542236 1.80805557e-08
9.739999771118 1.79761006e-08
9.750000000000 1.78355641e-08
9.760000228882 1.77130701e-08
9.770000457764 1.75905761e-08
9.779999732971 1.74680910e-08
9.789999961853 1.73456201e-08
9.800000190735 1.72231509e-08
9.810000419617 1.71006800e-08
9.819999694824 1.69782144e-08
9.829999923706 1.68557488e-08
9.840000152588 1.67332956e-08
9.850000381470 1.66108478e-08
9.859999656677 1.64884142e-08
9.869999885559 1.63659912e-08
9.880000114441 1.62435594e-08
9.890000343323 1.61211293e-08
9.899999618530 1.59987383e-08
9.909999847412 1.59075668e-08
9.920000076294 1.57538604e-08
9.930000305176 1.56316720e-08
9.939999580383 1.55096433e-08
9.949999809265 1.53876165e-08
9.960000038147 1.52657620e-08
9.970000267029 1.51437458e-08
9.979999542236 1.50224846e-08
9.989999771118 1.49034758e-08
10.0 1.47844910e-08
10.01000022888 1.46656536e-08
10.02000045776 1.45475578e-08
10.02999973297 1.47047956e-08
10.03999996185 1.43458907e-08
10.05000019073 1.42483501e-08
10.06000041962 1.41508076e-08
10.06999969482 1.40532945e-08
10.07999992371 1.39566607e-08
10.09000015259 1.38601681e-08
10.10000038147 1.37636773e-08
10.10999965668 1.36686662e-08
10.11999988556 1.35721399e-08
10.13000011444 1.34773064e-08
10.14000034332 1.33855904e-08
10.14999961853 1.32996840e-08
10.15999984741 1.32137954e-08
10.17000007629 1.31279032e-08
10.18000030518 1.30420164e-08
10.18999958038 1.29561428e-08
10.19999980927 1.28703128e-08
10.21000003815 1.27881794e-08
10.22000026703 1.27027260e-08
10.22999954224 1.26210491e-08
10.23999977112 1.25393740e-08
10.25000000000 1.24576953e-08
10.26000022888 1.23760167e-08
10.27000045776 1.22943407e-08
10.27999973297 1.22126735e-08
10.28999996185 1.21310082e-08
10.30000019073 1.20493517e-08
10.31000041962 1.19676917e-08
10.31999969482 1.18860379e-08
10.32999992371 1.18043859e-08
10.34000015259 1.17227472e-08
10.35000038147 1.16411192e-08
10.35999965668 1.15594956e-08
10.36999988556 1.14778729e-08
10.38000011444 1.13962466e-08
10.39000034332 1.13146328e-08
10.39999961853 1.12330270e-08
10.40999984741 1.11543956e-08
10.42000007629 1.10698055e-08
10.43000030518 1.09881952e-08
10.43999958038 1.09065965e-08
10.44999980927 1.08250013e-08
10.46000003815 1.07434026e-08
10.47000026703 1.06618021e-08
10.47999954224 1.05802078e-08
10.48999977112 1.04986118e-08
10.50000000000 1.04172582e-08
10.51000022888 1.03359055e-08
10.52000045776 1.02545554e-08
10.52999973297 1.01732089e-08
10.53999996185 1.00918651e-08
10.55000019073 1.00105266e-08
10.56000041962 9.93067850e-09
10.56999969482 9.85131532e-09
10.57999992371 9.78271419e-09
10.59000015259 9.71701919e-09
10.60000038147 9.65132685e-09
10.60999965668 9.58609725e-09
10.61999988556 9.52103729e-09
10.63000011444 9.45599332e-09
10.64000034332 9.39121669e-09
10.64999961853 9.32669586e-09
10.65999984741 9.26222121e-09
10.67000007629 9.19787002e-09
10.68000030518 9.13353304e-09
10.68999958038 9.06955400e-09
10.69999980927 9.01077613e-09
10.71000003815 8.95232155e-09
10.72000026703 8.89448071e-09
10.72999954224 8.83707862e-09
10.73999977112 8.77980977e-09
10.75000000000 8.72254713e-09
10.76000022888 8.66528627e-09
10.77000045776 8.60802452e-09
10.77999973297 8.55076632e-09
10.78999996185 8.49585824e-09
10.80000019073 8.44138714e-09
10.81000041962 8.38691605e-09
10.81999969482 8.33244851e-09
10.82999992371 8.27798097e-09
10.84000015259 8.22351431e-09
10.85000038147 8.16904855e-09
10.85999965668 8.11459167e-09
10.86999988556 8.06012856e-09
10.88000011444 8.00566724e-09
10.89000034332 7.95120592e-09
10.89999961853 7.89675436e-09
10.90999984741 7.84230991e-09
10.92000007629 7.78786191e-09
10.93000030518 7.73341569e-09
10.93999958038 7.67897390e-09
10.94999980927 7.62454899e-09
10.96000003815 7.57012142e-09
10.97000026703 7.51569385e-09
10.97999954224 7.46126805e-09
10.98999977112 7.40685202e-09
11.0 7.35243422e-09
